NAME : X-n2028-k617
COMMENT : "Official XL instance released for the CVRPLib Best Known Solution Challenge"
TYPE : CVRP
DIMENSION : 2028
EDGE_WEIGHT_TYPE : EUC_2D
CAPACITY : 247
NODE_COORD_SECTION
1    500  500 
2    239  12  
3    805  325 
4    683  418 
5    583  976 
6    990  295 
7    223  266 
8    873  398 
9    621  174 
10   986  224 
11   936  298 
12   103  19  
13   832  331 
14   906  481 
15   176  70  
16   109  147 
17   730  156 
18   881  216 
19   93   151 
20   150  70  
21   464  536 
22   800  503 
23   512  732 
24   659  338 
25   165  112 
26   665  498 
27   973  665 
28   81   704 
29   45   933 
30   997  344 
31   66   919 
32   910  321 
33   966  311 
34   827  322 
35   867  251 
36   991  143 
37   703  844 
38   853  234 
39   149  89  
40   896  306 
41   578  940 
42   525  404 
43   710  463 
44   930  410 
45   383  712 
46   77   88  
47   574  366 
48   522  880 
49   586  344 
50   581  266 
51   498  126 
52   668  185 
53   980  48  
54   31   934 
55   704  987 
56   688  773 
57   675  352 
58   699  358 
59   832  336 
60   836  386 
61   621  916 
62   948  49  
63   648  937 
64   596  739 
65   448  275 
66   690  302 
67   823  565 
68   789  202 
69   579  900 
70   69   137 
71   97   941 
72   946  272 
73   531  931 
74   166  204 
75   724  374 
76   669  390 
77   11   913 
78   966  230 
79   327  77  
80   984  291 
81   350  246 
82   612  237 
83   906  219 
84   637  227 
85   989  379 
86   652  843 
87   926  340 
88   989  33  
89   97   934 
90   707  410 
91   800  221 
92   937  216 
93   380  933 
94   806  338 
95   916  185 
96   705  877 
97   597  379 
98   743  71  
99   338  362 
100  71   987 
101  883  241 
102  955  204 
103  867  501 
104  227  914 
105  609  321 
106  601  900 
107  820  162 
108  87   808 
109  19   133 
110  475  912 
111  222  209 
112  939  308 
113  753  82  
114  707  535 
115  720  666 
116  637  315 
117  657  360 
118  834  343 
119  998  372 
120  654  470 
121  229  138 
122  841  520 
123  892  224 
124  97   146 
125  961  390 
126  233  133 
127  208  10  
128  728  294 
129  999  230 
130  710  394 
131  568  964 
132  456  382 
133  609  339 
134  190  25  
135  184  956 
136  21   993 
137  66   138 
138  789  134 
139  993  352 
140  705  340 
141  946  359 
142  9    240 
143  924  436 
144  912  25  
145  610  346 
146  920  233 
147  884  218 
148  924  299 
149  324  164 
150  201  183 
151  572  898 
152  209  183 
153  600  459 
154  806  201 
155  516  380 
156  722  495 
157  577  941 
158  986  396 
159  777  294 
160  588  347 
161  239  102 
162  649  892 
163  623  307 
164  699  425 
165  918  320 
166  114  289 
167  187  125 
168  939  272 
169  927  105 
170  38   917 
171  890  305 
172  121  47  
173  563  896 
174  818  275 
175  115  995 
176  754  352 
177  558  133 
178  777  303 
179  673  528 
180  924  255 
181  341  765 
182  184  120 
183  900  419 
184  543  522 
185  821  244 
186  823  144 
187  826  225 
188  939  265 
189  31   982 
190  844  394 
191  579  975 
192  1    973 
193  919  297 
194  350  164 
195  709  917 
196  473  937 
197  756  506 
198  744  386 
199  239  57  
200  645  949 
201  831  674 
202  671  949 
203  769  280 
204  847  148 
205  196  122 
206  571  996 
207  292  152 
208  634  505 
209  953  274 
210  138  14  
211  784  79  
212  159  89  
213  751  206 
214  915  341 
215  899  219 
216  703  439 
217  662  372 
218  802  104 
219  605  820 
220  988  489 
221  927  390 
222  519  947 
223  60   52  
224  44   158 
225  659  318 
226  609  963 
227  834  277 
228  449  923 
229  431  799 
230  140  979 
231  657  319 
232  678  761 
233  954  395 
234  668  295 
235  731  321 
236  678  840 
237  131  106 
238  612  196 
239  671  502 
240  784  768 
241  676  963 
242  878  259 
243  497  998 
244  973  202 
245  679  342 
246  478  795 
247  945  275 
248  727  496 
249  723  281 
250  887  352 
251  639  948 
252  162  59  
253  218  140 
254  682  328 
255  884  268 
256  596  278 
257  597  384 
258  887  273 
259  779  168 
260  820  97  
261  713  444 
262  691  294 
263  685  243 
264  402  35  
265  964  267 
266  15   908 
267  949  249 
268  218  117 
269  182  151 
270  611  397 
271  973  526 
272  706  395 
273  883  235 
274  85   62  
275  583  286 
276  642  857 
277  934  187 
278  241  854 
279  169  115 
280  706  314 
281  879  419 
282  863  240 
283  687  70  
284  346  174 
285  769  459 
286  646  590 
287  574  955 
288  96   982 
289  11   965 
290  294  313 
291  224  912 
292  760  397 
293  868  291 
294  814  174 
295  120  225 
296  67   999 
297  233  70  
298  44   896 
299  632  998 
300  69   920 
301  529  863 
302  549  985 
303  203  206 
304  595  426 
305  942  264 
306  832  200 
307  790  332 
308  674  346 
309  118  979 
310  804  376 
311  219  290 
312  38   986 
313  738  228 
314  829  336 
315  945  262 
316  102  904 
317  175  66  
318  567  907 
319  642  510 
320  978  326 
321  966  303 
322  71   130 
323  271  145 
324  789  494 
325  22   834 
326  810  843 
327  62   916 
328  58   926 
329  40   125 
330  974  270 
331  599  935 
332  341  462 
333  549  745 
334  802  61  
335  977  288 
336  61   991 
337  372  286 
338  639  987 
339  892  463 
340  37   86  
341  917  108 
342  885  237 
343  813  203 
344  487  972 
345  30   94  
346  178  127 
347  641  288 
348  951  246 
349  926  148 
350  679  275 
351  579  903 
352  657  388 
353  738  943 
354  611  973 
355  960  211 
356  251  112 
357  850  254 
358  486  681 
359  768  122 
360  967  314 
361  39   141 
362  281  186 
363  31   919 
364  840  135 
365  876  240 
366  642  344 
367  787  234 
368  241  209 
369  957  337 
370  281  299 
371  49   937 
372  202  153 
373  170  110 
374  906  596 
375  88   32  
376  585  294 
377  648  845 
378  904  215 
379  928  205 
380  904  282 
381  697  955 
382  901  315 
383  557  329 
384  922  269 
385  194  282 
386  841  256 
387  44   972 
388  740  305 
389  723  347 
390  601  538 
391  176  54  
392  596  892 
393  215  143 
394  236  222 
395  669  668 
396  947  102 
397  214  118 
398  566  780 
399  848  322 
400  206  172 
401  650  405 
402  135  144 
403  707  275 
404  664  406 
405  804  308 
406  967  296 
407  900  170 
408  703  872 
409  261  133 
410  67   287 
411  727  459 
412  674  555 
413  881  245 
414  899  425 
415  633  943 
416  249  950 
417  567  996 
418  202  139 
419  147  83  
420  992  335 
421  594  962 
422  800  236 
423  322  183 
424  598  404 
425  910  479 
426  490  836 
427  822  333 
428  897  357 
429  648  202 
430  979  303 
431  480  246 
432  797  125 
433  179  113 
434  826  98  
435  827  263 
436  77   156 
437  603  380 
438  968  282 
439  382  955 
440  130  294 
441  829  104 
442  741  454 
443  652  858 
444  625  896 
445  655  345 
446  790  712 
447  205  137 
448  830  217 
449  28   997 
450  875  135 
451  584  931 
452  53   923 
453  866  278 
454  26   995 
455  540  982 
456  726  324 
457  759  260 
458  799  263 
459  659  250 
460  899  254 
461  281  238 
462  561  857 
463  186  210 
464  882  151 
465  57   957 
466  188  222 
467  577  940 
468  780  314 
469  601  371 
470  752  316 
471  145  162 
472  882  230 
473  855  185 
474  862  277 
475  739  407 
476  685  975 
477  196  151 
478  781  358 
479  13   252 
480  843  181 
481  718  500 
482  498  961 
483  634  888 
484  623  862 
485  257  110 
486  520  298 
487  829  235 
488  853  294 
489  247  256 
490  982  262 
491  759  528 
492  973  182 
493  958  218 
494  449  951 
495  929  397 
496  927  142 
497  199  306 
498  934  244 
499  131  233 
500  760  322 
501  781  409 
502  337  90  
503  998  273 
504  670  818 
505  875  332 
506  783  58  
507  771  409 
508  903  347 
509  851  218 
510  853  194 
511  114  885 
512  705  318 
513  905  281 
514  563  904 
515  855  222 
516  587  932 
517  589  952 
518  951  305 
519  625  906 
520  866  318 
521  47   934 
522  621  381 
523  39   969 
524  874  177 
525  603  917 
526  416  83  
527  974  289 
528  6    23  
529  230  44  
530  622  904 
531  678  942 
532  809  224 
533  575  969 
534  616  289 
535  997  209 
536  191  110 
537  142  219 
538  24   983 
539  891  291 
540  322  122 
541  585  365 
542  894  203 
543  699  334 
544  8    896 
545  929  264 
546  678  854 
547  660  709 
548  188  115 
549  814  299 
550  874  203 
551  106  81  
552  676  264 
553  923  369 
554  890  331 
555  908  235 
556  921  336 
557  336  170 
558  578  418 
559  559  878 
560  608  320 
561  700  318 
562  132  101 
563  704  366 
564  480  563 
565  694  329 
566  917  555 
567  712  299 
568  524  835 
569  561  975 
570  682  422 
571  986  334 
572  707  254 
573  362  55  
574  824  246 
575  988  263 
576  916  145 
577  187  32  
578  671  361 
579  259  169 
580  407  314 
581  947  212 
582  860  120 
583  182  148 
584  596  899 
585  528  936 
586  909  176 
587  643  393 
588  148  147 
589  631  411 
590  909  374 
591  931  364 
592  917  193 
593  518  970 
594  633  217 
595  693  895 
596  13   946 
597  535  397 
598  131  91  
599  885  307 
600  82   64  
601  85   85  
602  639  980 
603  861  347 
604  848  107 
605  558  767 
606  781  330 
607  675  801 
608  985  262 
609  195  123 
610  863  301 
611  667  389 
612  552  408 
613  790  333 
614  21   939 
615  853  291 
616  950  317 
617  958  429 
618  549  866 
619  585  417 
620  255  275 
621  865  238 
622  313  281 
623  545  905 
624  777  917 
625  766  243 
626  181  167 
627  864  290 
628  398  705 
629  78   209 
630  941  226 
631  965  236 
632  971  253 
633  633  340 
634  246  998 
635  725  454 
636  570  367 
637  932  330 
638  955  187 
639  261  49  
640  418  662 
641  922  467 
642  818  151 
643  515  822 
644  611  129 
645  180  165 
646  280  318 
647  858  247 
648  126  852 
649  513  976 
650  145  203 
651  869  469 
652  581  347 
653  856  257 
654  841  230 
655  606  934 
656  386  179 
657  596  451 
658  892  137 
659  112  96  
660  419  947 
661  262  559 
662  683  360 
663  832  216 
664  191  81  
665  836  282 
666  878  302 
667  471  876 
668  701  335 
669  945  296 
670  712  962 
671  716  954 
672  864  344 
673  137  126 
674  382  903 
675  897  225 
676  130  785 
677  516  925 
678  631  848 
679  869  229 
680  962  393 
681  804  270 
682  87   898 
683  537  909 
684  137  917 
685  85   114 
686  950  281 
687  626  310 
688  834  299 
689  69   979 
690  935  220 
691  792  278 
692  979  126 
693  598  291 
694  322  189 
695  771  439 
696  10   943 
697  926  127 
698  709  8   
699  624  462 
700  623  398 
701  982  446 
702  338  320 
703  44   207 
704  504  135 
705  752  835 
706  149  132 
707  813  157 
708  906  346 
709  345  348 
710  115  988 
711  885  192 
712  28   284 
713  677  979 
714  0    944 
715  628  937 
716  203  155 
717  832  190 
718  245  103 
719  355  36  
720  894  225 
721  848  286 
722  802  445 
723  585  510 
724  18   959 
725  331  140 
726  917  318 
727  654  389 
728  522  376 
729  674  856 
730  894  338 
731  878  541 
732  206  191 
733  158  247 
734  986  284 
735  843  279 
736  949  264 
737  633  975 
738  30   975 
739  609  940 
740  945  340 
741  602  837 
742  955  322 
743  668  454 
744  559  273 
745  160  213 
746  513  441 
747  694  45  
748  667  944 
749  192  107 
750  872  200 
751  677  481 
752  536  927 
753  584  939 
754  516  269 
755  115  121 
756  922  401 
757  118  198 
758  566  309 
759  296  759 
760  797  255 
761  52   42  
762  373  754 
763  47   881 
764  160  91  
765  950  333 
766  592  873 
767  645  978 
768  121  45  
769  917  216 
770  952  289 
771  865  190 
772  186  44  
773  777  301 
774  730  471 
775  911  195 
776  682  338 
777  850  317 
778  620  855 
779  60   177 
780  631  223 
781  634  727 
782  671  974 
783  17   130 
784  527  899 
785  560  889 
786  356  33  
787  600  959 
788  641  981 
789  145  147 
790  524  371 
791  984  174 
792  712  424 
793  198  152 
794  914  233 
795  862  179 
796  973  319 
797  613  349 
798  305  105 
799  786  303 
800  720  413 
801  904  233 
802  282  254 
803  694  380 
804  809  231 
805  793  93  
806  905  257 
807  488  811 
808  550  835 
809  960  319 
810  636  940 
811  819  244 
812  137  739 
813  970  254 
814  982  78  
815  644  323 
816  800  374 
817  683  425 
818  77   922 
819  757  285 
820  644  764 
821  932  226 
822  958  257 
823  899  241 
824  214  107 
825  674  338 
826  509  298 
827  650  910 
828  82   188 
829  621  948 
830  968  293 
831  593  358 
832  68   142 
833  234  146 
834  949  254 
835  943  216 
836  706  398 
837  283  99  
838  4    882 
839  314  253 
840  795  204 
841  105  958 
842  970  378 
843  895  270 
844  778  296 
845  946  195 
846  199  166 
847  666  191 
848  633  320 
849  979  377 
850  618  148 
851  161  93  
852  622  930 
853  902  199 
854  111  994 
855  979  230 
856  951  276 
857  716  242 
858  149  197 
859  161  112 
860  535  287 
861  756  917 
862  961  315 
863  27   595 
864  823  119 
865  493  894 
866  828  295 
867  975  432 
868  933  337 
869  679  685 
870  975  234 
871  192  203 
872  854  327 
873  175  71  
874  657  407 
875  568  481 
876  586  960 
877  200  155 
878  697  886 
879  759  239 
880  633  573 
881  616  429 
882  82   940 
883  971  309 
884  87   776 
885  92   918 
886  609  239 
887  845  273 
888  187  49  
889  651  462 
890  689  346 
891  928  163 
892  983  88  
893  974  25  
894  644  892 
895  97   889 
896  853  247 
897  86   837 
898  893  331 
899  911  284 
900  181  127 
901  623  904 
902  921  386 
903  975  243 
904  25   168 
905  704  936 
906  621  847 
907  866  213 
908  103  101 
909  784  474 
910  36   162 
911  2    974 
912  956  371 
913  627  59  
914  599  929 
915  950  192 
916  880  199 
917  915  277 
918  977  294 
919  580  325 
920  603  825 
921  602  924 
922  974  326 
923  696  990 
924  626  918 
925  935  378 
926  94   46  
927  869  242 
928  906  76  
929  384  265 
930  115  225 
931  259  132 
932  740  971 
933  950  268 
934  609  910 
935  707  946 
936  874  185 
937  12   989 
938  165  104 
939  176  137 
940  577  264 
941  644  986 
942  293  180 
943  706  888 
944  675  507 
945  186  47  
946  679  704 
947  919  394 
948  672  370 
949  626  164 
950  715  308 
951  146  209 
952  42   951 
953  812  215 
954  49   943 
955  984  254 
956  566  343 
957  125  957 
958  934  220 
959  646  842 
960  706  279 
961  563  889 
962  965  384 
963  966  278 
964  917  306 
965  984  283 
966  523  964 
967  855  433 
968  676  498 
969  569  280 
970  554  409 
971  538  936 
972  836  258 
973  750  919 
974  166  210 
975  613  112 
976  872  609 
977  332  112 
978  961  171 
979  64   989 
980  158  123 
981  657  261 
982  932  393 
983  57   831 
984  594  856 
985  887  151 
986  634  359 
987  682  318 
988  141  114 
989  895  247 
990  87   922 
991  629  263 
992  901  290 
993  615  131 
994  943  278 
995  286  149 
996  776  446 
997  895  469 
998  473  406 
999  237  149 
1000 592  940 
1001 293  222 
1002 483  687 
1003 713  86  
1004 861  118 
1005 467  873 
1006 866  99  
1007 144  145 
1008 198  100 
1009 974  371 
1010 933  213 
1011 916  424 
1012 938  288 
1013 80   978 
1014 563  991 
1015 675  866 
1016 552  76  
1017 790  90  
1018 225  164 
1019 136  201 
1020 172  244 
1021 620  414 
1022 843  185 
1023 644  353 
1024 725  378 
1025 301  152 
1026 947  231 
1027 488  748 
1028 646  418 
1029 975  360 
1030 911  335 
1031 16   935 
1032 204  85  
1033 816  190 
1034 854  399 
1035 175  127 
1036 657  351 
1037 49   956 
1038 955  325 
1039 995  295 
1040 138  105 
1041 928  380 
1042 929  354 
1043 567  702 
1044 772  293 
1045 562  977 
1046 872  201 
1047 148  309 
1048 952  225 
1049 880  590 
1050 989  292 
1051 85   943 
1052 637  338 
1053 877  217 
1054 238  56  
1055 755  935 
1056 190  191 
1057 929  394 
1058 103  950 
1059 513  203 
1060 936  324 
1061 961  332 
1062 273  103 
1063 714  857 
1064 69   201 
1065 260  88  
1066 676  285 
1067 168  128 
1068 518  796 
1069 570  292 
1070 294  167 
1071 538  333 
1072 180  160 
1073 503  991 
1074 510  482 
1075 562  880 
1076 655  201 
1077 698  902 
1078 897  222 
1079 96   92  
1080 601  676 
1081 138  234 
1082 267  63  
1083 940  784 
1084 880  183 
1085 865  325 
1086 812  350 
1087 709  348 
1088 15   897 
1089 624  172 
1090 626  333 
1091 578  882 
1092 67   916 
1093 860  180 
1094 903  251 
1095 752  849 
1096 782  913 
1097 930  38  
1098 806  358 
1099 810  109 
1100 602  459 
1101 641  359 
1102 329  184 
1103 577  949 
1104 482  110 
1105 253  116 
1106 506  954 
1107 918  435 
1108 650  334 
1109 851  886 
1110 270  663 
1111 869  358 
1112 180  253 
1113 601  476 
1114 654  342 
1115 947  200 
1116 509  455 
1117 976  379 
1118 148  280 
1119 905  265 
1120 852  75  
1121 642  281 
1122 827  450 
1123 645  311 
1124 902  272 
1125 863  444 
1126 600  712 
1127 696  828 
1128 731  920 
1129 756  459 
1130 210  902 
1131 601  961 
1132 87   123 
1133 696  939 
1134 162  174 
1135 455  66  
1136 816  287 
1137 192  79  
1138 654  345 
1139 626  858 
1140 700  431 
1141 186  94  
1142 921  430 
1143 758  157 
1144 686  291 
1145 65   61  
1146 686  438 
1147 231  55  
1148 912  231 
1149 698  302 
1150 590  241 
1151 530  423 
1152 642  387 
1153 535  858 
1154 517  374 
1155 302  156 
1156 619  313 
1157 842  330 
1158 747  268 
1159 689  546 
1160 676  312 
1161 143  32  
1162 237  197 
1163 532  939 
1164 574  860 
1165 149  196 
1166 447  8   
1167 927  286 
1168 863  253 
1169 652  909 
1170 811  459 
1171 767  172 
1172 993  316 
1173 260  34  
1174 922  301 
1175 857  234 
1176 287  925 
1177 75   101 
1178 94   259 
1179 884  127 
1180 67   1000
1181 865  235 
1182 929  441 
1183 68   168 
1184 992  210 
1185 663  265 
1186 756  925 
1187 668  271 
1188 941  231 
1189 687  391 
1190 969  339 
1191 715  966 
1192 183  164 
1193 169  283 
1194 904  141 
1195 227  86  
1196 673  813 
1197 692  609 
1198 697  346 
1199 682  949 
1200 188  128 
1201 816  238 
1202 998  250 
1203 691  372 
1204 177  145 
1205 586  968 
1206 824  416 
1207 662  301 
1208 887  328 
1209 798  189 
1210 14   943 
1211 606  837 
1212 700  365 
1213 793  1000
1214 138  40  
1215 967  321 
1216 166  95  
1217 663  375 
1218 193  83  
1219 66   195 
1220 800  426 
1221 955  386 
1222 644  779 
1223 295  873 
1224 191  178 
1225 201  143 
1226 646  162 
1227 481  902 
1228 890  231 
1229 929  331 
1230 876  419 
1231 436  218 
1232 924  183 
1233 856  90  
1234 803  136 
1235 199  133 
1236 678  311 
1237 81   976 
1238 577  971 
1239 814  343 
1240 745  377 
1241 913  307 
1242 129  122 
1243 748  881 
1244 529  761 
1245 824  155 
1246 237  58  
1247 917  227 
1248 925  355 
1249 32   931 
1250 987  444 
1251 954  303 
1252 277  58  
1253 977  73  
1254 871  347 
1255 926  410 
1256 71   990 
1257 923  290 
1258 826  156 
1259 751  301 
1260 879  344 
1261 40   738 
1262 7    135 
1263 980  288 
1264 621  316 
1265 21   978 
1266 668  275 
1267 907  266 
1268 507  302 
1269 882  366 
1270 901  243 
1271 871  336 
1272 858  650 
1273 51   128 
1274 253  68  
1275 737  287 
1276 975  269 
1277 63   967 
1278 852  387 
1279 200  191 
1280 440  195 
1281 702  319 
1282 631  335 
1283 741  320 
1284 530  974 
1285 728  327 
1286 686  999 
1287 784  129 
1288 771  454 
1289 129  903 
1290 683  344 
1291 591  942 
1292 605  317 
1293 272  127 
1294 662  812 
1295 221  52  
1296 539  346 
1297 193  168 
1298 529  342 
1299 668  498 
1300 62   65  
1301 744  120 
1302 64   981 
1303 690  492 
1304 913  174 
1305 935  281 
1306 628  981 
1307 884  327 
1308 775  240 
1309 725  368 
1310 943  228 
1311 857  168 
1312 13   997 
1313 932  218 
1314 933  212 
1315 861  279 
1316 293  117 
1317 242  146 
1318 195  197 
1319 582  932 
1320 887  247 
1321 640  927 
1322 745  887 
1323 919  231 
1324 651  272 
1325 839  257 
1326 863  399 
1327 665  826 
1328 907  251 
1329 161  32  
1330 586  950 
1331 790  227 
1332 613  479 
1333 902  135 
1334 190  181 
1335 505  870 
1336 197  45  
1337 649  895 
1338 562  213 
1339 780  937 
1340 451  859 
1341 271  790 
1342 934  391 
1343 829  292 
1344 811  345 
1345 206  55  
1346 943  300 
1347 508  981 
1348 180  70  
1349 107  11  
1350 953  402 
1351 830  854 
1352 963  297 
1353 985  143 
1354 566  892 
1355 477  294 
1356 614  868 
1357 153  144 
1358 667  279 
1359 322  159 
1360 126  23  
1361 644  941 
1362 595  931 
1363 923  254 
1364 192  100 
1365 780  349 
1366 873  197 
1367 547  241 
1368 311  68  
1369 569  247 
1370 764  342 
1371 990  325 
1372 792  641 
1373 155  67  
1374 728  319 
1375 486  932 
1376 841  187 
1377 916  309 
1378 631  296 
1379 542  854 
1380 159  189 
1381 87   111 
1382 826  237 
1383 992  168 
1384 629  370 
1385 119  991 
1386 501  436 
1387 963  76  
1388 587  287 
1389 790  261 
1390 920  292 
1391 577  328 
1392 940  292 
1393 816  213 
1394 154  57  
1395 879  209 
1396 990  332 
1397 612  935 
1398 911  202 
1399 615  476 
1400 959  291 
1401 533  975 
1402 899  515 
1403 628  323 
1404 812  455 
1405 597  354 
1406 871  274 
1407 16   885 
1408 826  359 
1409 973  212 
1410 188  230 
1411 577  948 
1412 925  145 
1413 581  964 
1414 146  229 
1415 835  156 
1416 345  136 
1417 570  979 
1418 916  315 
1419 982  76  
1420 269  122 
1421 697  460 
1422 923  197 
1423 247  166 
1424 212  132 
1425 823  420 
1426 143  982 
1427 516  348 
1428 908  307 
1429 696  961 
1430 225  96  
1431 709  899 
1432 244  202 
1433 202  195 
1434 631  866 
1435 907  506 
1436 680  379 
1437 538  396 
1438 976  364 
1439 234  144 
1440 1    955 
1441 174  67  
1442 614  935 
1443 820  388 
1444 200  111 
1445 662  281 
1446 629  986 
1447 181  103 
1448 657  308 
1449 237  92  
1450 241  25  
1451 810  257 
1452 950  309 
1453 342  159 
1454 922  420 
1455 501  940 
1456 692  432 
1457 431  460 
1458 605  913 
1459 572  944 
1460 832  248 
1461 928  6   
1462 654  289 
1463 911  264 
1464 715  856 
1465 996  160 
1466 816  241 
1467 263  174 
1468 902  259 
1469 978  336 
1470 358  182 
1471 578  965 
1472 917  206 
1473 942  261 
1474 782  313 
1475 180  203 
1476 999  264 
1477 875  179 
1478 949  206 
1479 958  312 
1480 524  963 
1481 673  962 
1482 250  117 
1483 105  942 
1484 870  281 
1485 673  947 
1486 599  352 
1487 252  55  
1488 217  83  
1489 933  372 
1490 110  77  
1491 551  366 
1492 557  957 
1493 864  251 
1494 594  995 
1495 888  241 
1496 581  231 
1497 660  892 
1498 991  313 
1499 890  403 
1500 523  979 
1501 305  133 
1502 327  125 
1503 588  238 
1504 574  937 
1505 979  270 
1506 890  258 
1507 68   236 
1508 27   215 
1509 135  973 
1510 726  983 
1511 33   857 
1512 912  196 
1513 825  83  
1514 789  386 
1515 848  92  
1516 977  333 
1517 654  905 
1518 566  831 
1519 152  93  
1520 893  234 
1521 897  353 
1522 860  277 
1523 158  212 
1524 979  279 
1525 641  994 
1526 254  289 
1527 973  227 
1528 621  870 
1529 520  944 
1530 869  291 
1531 616  857 
1532 711  448 
1533 505  817 
1534 197  208 
1535 841  655 
1536 395  218 
1537 956  259 
1538 651  954 
1539 543  951 
1540 182  126 
1541 974  284 
1542 885  276 
1543 166  810 
1544 600  412 
1545 217  166 
1546 890  212 
1547 771  104 
1548 875  913 
1549 695  351 
1550 74   959 
1551 699  282 
1552 978  303 
1553 10   976 
1554 636  41  
1555 603  934 
1556 655  348 
1557 638  330 
1558 904  219 
1559 668  364 
1560 906  124 
1561 942  221 
1562 711  334 
1563 735  324 
1564 560  930 
1565 890  287 
1566 174  1   
1567 926  138 
1568 262  169 
1569 675  886 
1570 982  342 
1571 912  41  
1572 803  407 
1573 663  359 
1574 672  420 
1575 837  97  
1576 787  30  
1577 847  717 
1578 21   986 
1579 79   887 
1580 172  256 
1581 671  293 
1582 178  100 
1583 638  456 
1584 473  173 
1585 953  192 
1586 937  286 
1587 27   841 
1588 661  917 
1589 608  949 
1590 169  53  
1591 992  323 
1592 960  375 
1593 651  397 
1594 851  392 
1595 710  295 
1596 876  384 
1597 626  952 
1598 655  388 
1599 724  391 
1600 604  282 
1601 614  337 
1602 898  145 
1603 57   951 
1604 828  165 
1605 593  872 
1606 334  31  
1607 785  158 
1608 920  376 
1609 899  291 
1610 724  353 
1611 545  932 
1612 250  162 
1613 819  160 
1614 287  54  
1615 851  203 
1616 874  232 
1617 144  138 
1618 623  409 
1619 806  203 
1620 702  930 
1621 926  298 
1622 927  247 
1623 129  94  
1624 76   182 
1625 921  375 
1626 65   899 
1627 598  852 
1628 602  279 
1629 784  414 
1630 606  904 
1631 934  309 
1632 970  313 
1633 874  320 
1634 158  82  
1635 970  162 
1636 58   984 
1637 679  526 
1638 187  123 
1639 142  91  
1640 312  205 
1641 165  789 
1642 601  933 
1643 648  305 
1644 149  234 
1645 561  942 
1646 748  386 
1647 604  964 
1648 755  797 
1649 681  898 
1650 527  768 
1651 884  191 
1652 281  839 
1653 645  499 
1654 925  237 
1655 949  338 
1656 905  276 
1657 890  314 
1658 933  206 
1659 951  227 
1660 310  233 
1661 955  228 
1662 491  426 
1663 610  361 
1664 663  924 
1665 100  177 
1666 998  277 
1667 345  46  
1668 953  372 
1669 827  232 
1670 900  319 
1671 994  206 
1672 23   999 
1673 779  333 
1674 193  98  
1675 69   118 
1676 815  262 
1677 211  185 
1678 123  901 
1679 624  793 
1680 896  350 
1681 788  356 
1682 206  945 
1683 963  278 
1684 175  121 
1685 914  228 
1686 682  344 
1687 646  354 
1688 710  378 
1689 560  996 
1690 596  373 
1691 961  461 
1692 235  55  
1693 697  128 
1694 253  135 
1695 185  84  
1696 684  317 
1697 994  133 
1698 115  81  
1699 153  249 
1700 776  927 
1701 941  315 
1702 706  349 
1703 785  413 
1704 132  122 
1705 791  293 
1706 106  896 
1707 305  240 
1708 883  319 
1709 96   219 
1710 639  437 
1711 366  236 
1712 651  840 
1713 990  401 
1714 659  325 
1715 55   992 
1716 99   110 
1717 702  357 
1718 613  950 
1719 692  315 
1720 160  156 
1721 603  224 
1722 971  324 
1723 607  905 
1724 912  317 
1725 445  288 
1726 977  257 
1727 107  193 
1728 185  245 
1729 794  492 
1730 298  137 
1731 602  916 
1732 597  942 
1733 546  912 
1734 801  374 
1735 885  478 
1736 795  391 
1737 47   135 
1738 964  408 
1739 168  93  
1740 956  242 
1741 648  936 
1742 596  275 
1743 707  327 
1744 682  381 
1745 876  456 
1746 3    941 
1747 209  128 
1748 599  919 
1749 504  271 
1750 698  324 
1751 666  368 
1752 26   211 
1753 84   973 
1754 801  803 
1755 938  230 
1756 82   944 
1757 583  426 
1758 681  211 
1759 352  124 
1760 889  272 
1761 137  174 
1762 175  153 
1763 50   975 
1764 932  497 
1765 629  350 
1766 834  89  
1767 46   355 
1768 746  416 
1769 530  190 
1770 919  179 
1771 190  227 
1772 834  200 
1773 914  176 
1774 847  425 
1775 738  885 
1776 916  440 
1777 578  395 
1778 944  343 
1779 68   812 
1780 255  116 
1781 644  290 
1782 702  551 
1783 173  886 
1784 826  259 
1785 813  753 
1786 923  337 
1787 909  222 
1788 911  152 
1789 897  271 
1790 672  409 
1791 620  327 
1792 529  843 
1793 298  218 
1794 840  271 
1795 986  282 
1796 611  342 
1797 905  195 
1798 652  345 
1799 84   107 
1800 90   158 
1801 858  155 
1802 650  985 
1803 905  445 
1804 854  455 
1805 214  102 
1806 896  190 
1807 825  195 
1808 661  984 
1809 404  848 
1810 62   58  
1811 687  407 
1812 674  936 
1813 641  880 
1814 289  91  
1815 780  285 
1816 247  155 
1817 899  441 
1818 590  341 
1819 583  756 
1820 271  226 
1821 148  34  
1822 620  913 
1823 752  399 
1824 921  489 
1825 138  171 
1826 672  826 
1827 829  374 
1828 208  27  
1829 154  107 
1830 997  277 
1831 817  172 
1832 909  299 
1833 934  270 
1834 609  322 
1835 534  948 
1836 960  378 
1837 765  821 
1838 660  221 
1839 475  913 
1840 761  258 
1841 924  332 
1842 48   914 
1843 713  896 
1844 560  931 
1845 598  947 
1846 585  957 
1847 584  947 
1848 92   192 
1849 826  295 
1850 41   947 
1851 540  966 
1852 584  333 
1853 202  141 
1854 132  283 
1855 555  819 
1856 935  354 
1857 863  193 
1858 851  326 
1859 944  191 
1860 625  1000
1861 258  141 
1862 97   147 
1863 833  220 
1864 601  355 
1865 875  140 
1866 181  89  
1867 146  141 
1868 238  42  
1869 650  874 
1870 832  89  
1871 726  335 
1872 266  172 
1873 580  341 
1874 56   173 
1875 592  500 
1876 645  374 
1877 580  929 
1878 634  332 
1879 138  98  
1880 928  353 
1881 910  305 
1882 604  356 
1883 640  922 
1884 843  407 
1885 206  184 
1886 562  986 
1887 525  316 
1888 895  249 
1889 920  333 
1890 937  262 
1891 538  953 
1892 633  381 
1893 923  154 
1894 184  560 
1895 272  104 
1896 882  241 
1897 609  943 
1898 887  399 
1899 870  461 
1900 433  941 
1901 821  114 
1902 843  45  
1903 592  934 
1904 849  326 
1905 595  317 
1906 944  315 
1907 20   411 
1908 199  211 
1909 898  246 
1910 701  397 
1911 918  253 
1912 888  230 
1913 939  280 
1914 873  190 
1915 923  226 
1916 619  422 
1917 729  311 
1918 804  252 
1919 843  267 
1920 829  212 
1921 673  261 
1922 554  605 
1923 701  367 
1924 847  188 
1925 671  253 
1926 657  348 
1927 70   948 
1928 751  323 
1929 238  167 
1930 977  386 
1931 631  899 
1932 246  167 
1933 15   995 
1934 42   5   
1935 887  127 
1936 597  896 
1937 530  366 
1938 969  361 
1939 644  823 
1940 905  274 
1941 194  142 
1942 855  199 
1943 625  915 
1944 990  320 
1945 886  172 
1946 937  399 
1947 646  988 
1948 923  299 
1949 857  272 
1950 819  713 
1951 900  228 
1952 673  883 
1953 185  73  
1954 663  242 
1955 925  157 
1956 174  37  
1957 712  342 
1958 642  884 
1959 681  311 
1960 701  353 
1961 613  463 
1962 669  955 
1963 916  250 
1964 970  334 
1965 801  241 
1966 149  186 
1967 826  235 
1968 920  108 
1969 840  334 
1970 677  415 
1971 180  153 
1972 923  358 
1973 581  985 
1974 447  246 
1975 623  979 
1976 222  984 
1977 548  357 
1978 855  456 
1979 401  800 
1980 832  358 
1981 248  34  
1982 835  893 
1983 33   906 
1984 572  933 
1985 981  178 
1986 587  963 
1987 71   121 
1988 628  519 
1989 555  961 
1990 114  19  
1991 10   912 
1992 99   112 
1993 799  448 
1994 836  350 
1995 982  277 
1996 735  39  
1997 754  857 
1998 891  294 
1999 303  971 
2000 571  875 
2001 572  973 
2002 150  159 
2003 983  176 
2004 935  301 
2005 922  223 
2006 816  374 
2007 501  388 
2008 532  284 
2009 780  145 
2010 32   996 
2011 932  340 
2012 739  367 
2013 651  843 
2014 656  286 
2015 965  300 
2016 76   210 
2017 888  290 
2018 31   224 
2019 983  263 
2020 911  218 
2021 734  492 
2022 961  301 
2023 968  254 
2024 878  410 
2025 807  287 
2026 647  502 
2027 831  149 
2028 264  58  
DEMAND_SECTION
1    0   
2    87  
3    91  
4    51  
5    81  
6    53  
7    50  
8    54  
9    54  
10   74  
11   63  
12   60  
13   78  
14   100 
15   96  
16   81  
17   60  
18   80  
19   90  
20   82  
21   64  
22   57  
23   51  
24   89  
25   60  
26   66  
27   87  
28   66  
29   88  
30   78  
31   54  
32   81  
33   74  
34   76  
35   52  
36   50  
37   96  
38   60  
39   89  
40   63  
41   81  
42   69  
43   78  
44   96  
45   83  
46   58  
47   63  
48   82  
49   77  
50   65  
51   67  
52   74  
53   100 
54   60  
55   50  
56   92  
57   57  
58   96  
59   74  
60   57  
61   60  
62   80  
63   85  
64   92  
65   99  
66   81  
67   82  
68   55  
69   54  
70   62  
71   70  
72   55  
73   54  
74   79  
75   63  
76   96  
77   71  
78   84  
79   93  
80   74  
81   67  
82   80  
83   88  
84   56  
85   97  
86   75  
87   99  
88   62  
89   89  
90   68  
91   75  
92   56  
93   65  
94   66  
95   98  
96   50  
97   77  
98   63  
99   99  
100  82  
101  67  
102  67  
103  68  
104  96  
105  52  
106  85  
107  56  
108  52  
109  64  
110  80  
111  55  
112  71  
113  55  
114  84  
115  70  
116  60  
117  60  
118  97  
119  77  
120  94  
121  54  
122  90  
123  75  
124  76  
125  96  
126  65  
127  91  
128  61  
129  91  
130  93  
131  85  
132  96  
133  50  
134  63  
135  96  
136  60  
137  79  
138  88  
139  70  
140  70  
141  56  
142  64  
143  50  
144  97  
145  85  
146  88  
147  77  
148  75  
149  61  
150  77  
151  61  
152  67  
153  52  
154  52  
155  79  
156  88  
157  66  
158  63  
159  71  
160  70  
161  91  
162  82  
163  83  
164  95  
165  92  
166  98  
167  82  
168  53  
169  72  
170  51  
171  81  
172  63  
173  80  
174  78  
175  72  
176  81  
177  100 
178  51  
179  75  
180  56  
181  98  
182  89  
183  96  
184  99  
185  56  
186  91  
187  86  
188  71  
189  81  
190  97  
191  90  
192  79  
193  96  
194  87  
195  60  
196  69  
197  86  
198  86  
199  96  
200  89  
201  72  
202  69  
203  79  
204  92  
205  65  
206  70  
207  80  
208  65  
209  53  
210  75  
211  60  
212  88  
213  67  
214  59  
215  55  
216  89  
217  80  
218  87  
219  80  
220  71  
221  92  
222  63  
223  84  
224  96  
225  90  
226  100 
227  89  
228  94  
229  59  
230  81  
231  93  
232  68  
233  82  
234  51  
235  65  
236  100 
237  98  
238  98  
239  87  
240  92  
241  78  
242  66  
243  98  
244  92  
245  64  
246  62  
247  68  
248  91  
249  86  
250  91  
251  97  
252  53  
253  57  
254  56  
255  70  
256  51  
257  57  
258  52  
259  96  
260  51  
261  54  
262  80  
263  86  
264  61  
265  94  
266  61  
267  96  
268  55  
269  92  
270  91  
271  63  
272  97  
273  56  
274  57  
275  90  
276  50  
277  74  
278  96  
279  78  
280  90  
281  81  
282  62  
283  69  
284  50  
285  58  
286  92  
287  75  
288  87  
289  79  
290  87  
291  100 
292  52  
293  87  
294  55  
295  77  
296  51  
297  58  
298  50  
299  100 
300  65  
301  74  
302  75  
303  82  
304  91  
305  96  
306  99  
307  53  
308  95  
309  75  
310  91  
311  85  
312  82  
313  98  
314  68  
315  83  
316  61  
317  92  
318  77  
319  90  
320  52  
321  70  
322  68  
323  97  
324  56  
325  58  
326  85  
327  77  
328  62  
329  87  
330  90  
331  73  
332  82  
333  98  
334  59  
335  54  
336  96  
337  68  
338  79  
339  98  
340  94  
341  60  
342  94  
343  88  
344  98  
345  61  
346  78  
347  93  
348  76  
349  85  
350  95  
351  60  
352  76  
353  59  
354  94  
355  68  
356  85  
357  53  
358  78  
359  77  
360  51  
361  59  
362  69  
363  93  
364  73  
365  64  
366  51  
367  100 
368  59  
369  100 
370  56  
371  61  
372  87  
373  65  
374  64  
375  92  
376  69  
377  100 
378  95  
379  52  
380  99  
381  50  
382  98  
383  67  
384  79  
385  94  
386  100 
387  65  
388  64  
389  100 
390  88  
391  61  
392  57  
393  62  
394  91  
395  64  
396  50  
397  85  
398  96  
399  91  
400  60  
401  51  
402  73  
403  77  
404  70  
405  95  
406  78  
407  76  
408  83  
409  91  
410  94  
411  58  
412  94  
413  92  
414  53  
415  91  
416  79  
417  69  
418  78  
419  58  
420  87  
421  82  
422  92  
423  88  
424  97  
425  63  
426  58  
427  60  
428  88  
429  74  
430  82  
431  91  
432  71  
433  73  
434  90  
435  66  
436  59  
437  89  
438  83  
439  83  
440  87  
441  76  
442  95  
443  60  
444  70  
445  74  
446  63  
447  69  
448  73  
449  80  
450  56  
451  91  
452  92  
453  81  
454  52  
455  80  
456  100 
457  52  
458  67  
459  98  
460  67  
461  66  
462  68  
463  92  
464  56  
465  94  
466  90  
467  83  
468  70  
469  71  
470  50  
471  91  
472  67  
473  73  
474  97  
475  73  
476  50  
477  73  
478  63  
479  67  
480  82  
481  98  
482  100 
483  68  
484  50  
485  71  
486  57  
487  50  
488  96  
489  54  
490  51  
491  51  
492  63  
493  57  
494  68  
495  74  
496  84  
497  58  
498  59  
499  79  
500  56  
501  59  
502  95  
503  73  
504  89  
505  72  
506  70  
507  90  
508  93  
509  66  
510  81  
511  58  
512  88  
513  62  
514  54  
515  75  
516  92  
517  51  
518  69  
519  84  
520  66  
521  87  
522  76  
523  96  
524  55  
525  96  
526  63  
527  50  
528  77  
529  87  
530  66  
531  72  
532  58  
533  80  
534  86  
535  96  
536  51  
537  72  
538  70  
539  95  
540  85  
541  82  
542  73  
543  78  
544  54  
545  53  
546  57  
547  53  
548  84  
549  77  
550  85  
551  55  
552  83  
553  70  
554  71  
555  55  
556  75  
557  61  
558  83  
559  64  
560  91  
561  92  
562  86  
563  63  
564  59  
565  81  
566  80  
567  57  
568  86  
569  55  
570  99  
571  75  
572  94  
573  99  
574  62  
575  81  
576  72  
577  80  
578  92  
579  66  
580  86  
581  87  
582  83  
583  71  
584  60  
585  64  
586  84  
587  73  
588  97  
589  74  
590  87  
591  52  
592  56  
593  86  
594  67  
595  70  
596  100 
597  85  
598  68  
599  99  
600  71  
601  75  
602  97  
603  89  
604  64  
605  52  
606  72  
607  69  
608  96  
609  71  
610  74  
611  82  
612  77  
613  98  
614  56  
615  93  
616  95  
617  94  
618  60  
619  94  
620  81  
621  97  
622  82  
623  61  
624  67  
625  98  
626  76  
627  99  
628  83  
629  89  
630  73  
631  88  
632  53  
633  61  
634  67  
635  95  
636  74  
637  84  
638  69  
639  89  
640  55  
641  53  
642  73  
643  77  
644  82  
645  85  
646  51  
647  91  
648  95  
649  87  
650  71  
651  65  
652  54  
653  97  
654  69  
655  71  
656  54  
657  51  
658  50  
659  53  
660  87  
661  73  
662  60  
663  91  
664  100 
665  91  
666  75  
667  78  
668  63  
669  100 
670  97  
671  74  
672  91  
673  65  
674  51  
675  91  
676  82  
677  73  
678  75  
679  89  
680  86  
681  73  
682  60  
683  79  
684  89  
685  96  
686  71  
687  72  
688  92  
689  97  
690  52  
691  53  
692  56  
693  53  
694  71  
695  56  
696  57  
697  65  
698  55  
699  69  
700  96  
701  94  
702  64  
703  61  
704  54  
705  97  
706  58  
707  54  
708  52  
709  70  
710  81  
711  83  
712  88  
713  96  
714  96  
715  58  
716  82  
717  77  
718  90  
719  88  
720  62  
721  92  
722  65  
723  89  
724  94  
725  52  
726  80  
727  87  
728  72  
729  61  
730  78  
731  62  
732  75  
733  88  
734  55  
735  92  
736  62  
737  96  
738  62  
739  87  
740  71  
741  93  
742  81  
743  69  
744  100 
745  66  
746  90  
747  52  
748  51  
749  58  
750  60  
751  64  
752  90  
753  72  
754  73  
755  79  
756  83  
757  67  
758  55  
759  83  
760  96  
761  94  
762  90  
763  95  
764  69  
765  88  
766  79  
767  65  
768  75  
769  78  
770  82  
771  53  
772  53  
773  87  
774  80  
775  59  
776  91  
777  91  
778  64  
779  60  
780  93  
781  73  
782  66  
783  52  
784  84  
785  85  
786  74  
787  65  
788  92  
789  59  
790  85  
791  82  
792  72  
793  72  
794  63  
795  78  
796  70  
797  72  
798  68  
799  83  
800  78  
801  50  
802  93  
803  99  
804  61  
805  58  
806  93  
807  89  
808  54  
809  66  
810  96  
811  88  
812  59  
813  93  
814  99  
815  70  
816  60  
817  98  
818  57  
819  74  
820  93  
821  83  
822  65  
823  62  
824  63  
825  64  
826  79  
827  83  
828  88  
829  66  
830  83  
831  98  
832  78  
833  91  
834  60  
835  64  
836  71  
837  58  
838  95  
839  98  
840  72  
841  84  
842  84  
843  59  
844  66  
845  97  
846  57  
847  64  
848  68  
849  56  
850  66  
851  50  
852  50  
853  92  
854  52  
855  60  
856  100 
857  77  
858  79  
859  82  
860  70  
861  68  
862  77  
863  70  
864  64  
865  60  
866  97  
867  51  
868  81  
869  90  
870  67  
871  99  
872  60  
873  98  
874  85  
875  57  
876  66  
877  92  
878  93  
879  66  
880  84  
881  90  
882  64  
883  54  
884  71  
885  100 
886  77  
887  100 
888  62  
889  87  
890  57  
891  99  
892  87  
893  55  
894  94  
895  50  
896  59  
897  95  
898  88  
899  97  
900  90  
901  75  
902  91  
903  60  
904  61  
905  84  
906  91  
907  56  
908  60  
909  59  
910  59  
911  91  
912  99  
913  58  
914  76  
915  53  
916  95  
917  80  
918  68  
919  53  
920  58  
921  83  
922  51  
923  63  
924  92  
925  91  
926  67  
927  58  
928  83  
929  67  
930  88  
931  70  
932  84  
933  65  
934  76  
935  72  
936  59  
937  98  
938  86  
939  72  
940  65  
941  94  
942  75  
943  84  
944  85  
945  51  
946  89  
947  77  
948  64  
949  85  
950  88  
951  93  
952  65  
953  94  
954  83  
955  99  
956  52  
957  61  
958  98  
959  66  
960  55  
961  71  
962  68  
963  64  
964  61  
965  83  
966  56  
967  66  
968  75  
969  95  
970  64  
971  84  
972  81  
973  78  
974  50  
975  53  
976  66  
977  85  
978  74  
979  51  
980  69  
981  70  
982  62  
983  61  
984  87  
985  90  
986  55  
987  90  
988  70  
989  66  
990  84  
991  65  
992  50  
993  80  
994  65  
995  88  
996  89  
997  50  
998  87  
999  56  
1000 63  
1001 83  
1002 96  
1003 87  
1004 81  
1005 68  
1006 97  
1007 51  
1008 98  
1009 100 
1010 82  
1011 59  
1012 63  
1013 75  
1014 62  
1015 51  
1016 73  
1017 99  
1018 56  
1019 63  
1020 85  
1021 91  
1022 89  
1023 61  
1024 94  
1025 75  
1026 75  
1027 85  
1028 94  
1029 52  
1030 60  
1031 68  
1032 59  
1033 95  
1034 75  
1035 63  
1036 99  
1037 74  
1038 76  
1039 72  
1040 66  
1041 60  
1042 72  
1043 84  
1044 75  
1045 59  
1046 74  
1047 51  
1048 98  
1049 75  
1050 51  
1051 87  
1052 81  
1053 51  
1054 84  
1055 70  
1056 100 
1057 78  
1058 75  
1059 60  
1060 63  
1061 69  
1062 95  
1063 97  
1064 72  
1065 95  
1066 77  
1067 90  
1068 63  
1069 66  
1070 59  
1071 54  
1072 70  
1073 55  
1074 73  
1075 77  
1076 83  
1077 51  
1078 68  
1079 98  
1080 74  
1081 95  
1082 58  
1083 100 
1084 59  
1085 55  
1086 84  
1087 55  
1088 100 
1089 62  
1090 79  
1091 89  
1092 52  
1093 63  
1094 83  
1095 73  
1096 83  
1097 62  
1098 88  
1099 63  
1100 55  
1101 82  
1102 75  
1103 51  
1104 83  
1105 56  
1106 90  
1107 52  
1108 91  
1109 69  
1110 77  
1111 85  
1112 55  
1113 97  
1114 79  
1115 50  
1116 79  
1117 62  
1118 76  
1119 96  
1120 60  
1121 92  
1122 65  
1123 96  
1124 93  
1125 88  
1126 72  
1127 53  
1128 53  
1129 90  
1130 59  
1131 91  
1132 77  
1133 65  
1134 98  
1135 57  
1136 51  
1137 77  
1138 65  
1139 83  
1140 75  
1141 81  
1142 60  
1143 96  
1144 53  
1145 50  
1146 84  
1147 63  
1148 100 
1149 94  
1150 87  
1151 99  
1152 86  
1153 79  
1154 51  
1155 86  
1156 100 
1157 63  
1158 96  
1159 86  
1160 54  
1161 80  
1162 54  
1163 96  
1164 67  
1165 70  
1166 61  
1167 62  
1168 64  
1169 70  
1170 86  
1171 80  
1172 62  
1173 55  
1174 54  
1175 79  
1176 88  
1177 92  
1178 57  
1179 90  
1180 99  
1181 60  
1182 90  
1183 94  
1184 99  
1185 76  
1186 95  
1187 80  
1188 67  
1189 88  
1190 68  
1191 76  
1192 53  
1193 59  
1194 86  
1195 86  
1196 87  
1197 57  
1198 81  
1199 88  
1200 63  
1201 95  
1202 87  
1203 66  
1204 50  
1205 56  
1206 97  
1207 54  
1208 83  
1209 99  
1210 61  
1211 91  
1212 81  
1213 93  
1214 73  
1215 64  
1216 69  
1217 97  
1218 65  
1219 70  
1220 94  
1221 71  
1222 56  
1223 71  
1224 86  
1225 74  
1226 76  
1227 50  
1228 54  
1229 53  
1230 83  
1231 54  
1232 56  
1233 81  
1234 95  
1235 56  
1236 96  
1237 85  
1238 69  
1239 81  
1240 93  
1241 96  
1242 57  
1243 64  
1244 73  
1245 77  
1246 74  
1247 55  
1248 51  
1249 57  
1250 52  
1251 64  
1252 76  
1253 61  
1254 65  
1255 78  
1256 83  
1257 88  
1258 52  
1259 65  
1260 76  
1261 65  
1262 63  
1263 86  
1264 80  
1265 95  
1266 68  
1267 88  
1268 52  
1269 83  
1270 88  
1271 80  
1272 55  
1273 93  
1274 91  
1275 65  
1276 51  
1277 99  
1278 56  
1279 64  
1280 67  
1281 76  
1282 66  
1283 51  
1284 98  
1285 92  
1286 85  
1287 67  
1288 96  
1289 100 
1290 72  
1291 54  
1292 96  
1293 90  
1294 70  
1295 64  
1296 63  
1297 60  
1298 85  
1299 58  
1300 53  
1301 96  
1302 64  
1303 92  
1304 70  
1305 78  
1306 58  
1307 53  
1308 70  
1309 97  
1310 96  
1311 53  
1312 56  
1313 92  
1314 63  
1315 75  
1316 62  
1317 78  
1318 53  
1319 65  
1320 61  
1321 91  
1322 96  
1323 52  
1324 84  
1325 63  
1326 61  
1327 52  
1328 62  
1329 79  
1330 57  
1331 81  
1332 72  
1333 57  
1334 56  
1335 90  
1336 81  
1337 61  
1338 91  
1339 99  
1340 84  
1341 82  
1342 98  
1343 83  
1344 82  
1345 99  
1346 63  
1347 69  
1348 86  
1349 73  
1350 87  
1351 66  
1352 90  
1353 84  
1354 88  
1355 78  
1356 77  
1357 69  
1358 87  
1359 73  
1360 82  
1361 90  
1362 67  
1363 54  
1364 51  
1365 94  
1366 92  
1367 72  
1368 70  
1369 74  
1370 98  
1371 61  
1372 50  
1373 86  
1374 74  
1375 53  
1376 82  
1377 83  
1378 68  
1379 68  
1380 97  
1381 53  
1382 90  
1383 90  
1384 89  
1385 72  
1386 52  
1387 61  
1388 79  
1389 88  
1390 62  
1391 75  
1392 59  
1393 52  
1394 81  
1395 76  
1396 72  
1397 57  
1398 96  
1399 87  
1400 55  
1401 53  
1402 82  
1403 60  
1404 88  
1405 61  
1406 80  
1407 53  
1408 91  
1409 58  
1410 69  
1411 82  
1412 50  
1413 59  
1414 53  
1415 98  
1416 94  
1417 66  
1418 92  
1419 81  
1420 61  
1421 69  
1422 97  
1423 100 
1424 98  
1425 84  
1426 74  
1427 92  
1428 57  
1429 61  
1430 100 
1431 59  
1432 88  
1433 77  
1434 63  
1435 58  
1436 99  
1437 96  
1438 70  
1439 77  
1440 90  
1441 61  
1442 76  
1443 56  
1444 65  
1445 88  
1446 95  
1447 77  
1448 76  
1449 71  
1450 94  
1451 74  
1452 50  
1453 81  
1454 67  
1455 82  
1456 90  
1457 50  
1458 72  
1459 54  
1460 61  
1461 95  
1462 61  
1463 92  
1464 97  
1465 57  
1466 100 
1467 61  
1468 52  
1469 73  
1470 85  
1471 53  
1472 77  
1473 53  
1474 81  
1475 86  
1476 74  
1477 51  
1478 81  
1479 71  
1480 93  
1481 87  
1482 98  
1483 83  
1484 68  
1485 63  
1486 63  
1487 78  
1488 86  
1489 68  
1490 72  
1491 94  
1492 56  
1493 55  
1494 86  
1495 97  
1496 55  
1497 88  
1498 92  
1499 54  
1500 69  
1501 59  
1502 78  
1503 80  
1504 51  
1505 84  
1506 94  
1507 74  
1508 99  
1509 79  
1510 54  
1511 87  
1512 76  
1513 57  
1514 81  
1515 60  
1516 91  
1517 54  
1518 85  
1519 85  
1520 57  
1521 100 
1522 66  
1523 61  
1524 82  
1525 100 
1526 85  
1527 89  
1528 68  
1529 90  
1530 57  
1531 90  
1532 51  
1533 61  
1534 84  
1535 63  
1536 93  
1537 79  
1538 94  
1539 61  
1540 89  
1541 68  
1542 78  
1543 59  
1544 74  
1545 97  
1546 81  
1547 89  
1548 86  
1549 53  
1550 74  
1551 67  
1552 62  
1553 55  
1554 60  
1555 83  
1556 92  
1557 94  
1558 54  
1559 82  
1560 60  
1561 83  
1562 70  
1563 93  
1564 61  
1565 75  
1566 94  
1567 91  
1568 98  
1569 62  
1570 78  
1571 90  
1572 60  
1573 71  
1574 56  
1575 67  
1576 73  
1577 88  
1578 68  
1579 82  
1580 67  
1581 95  
1582 77  
1583 67  
1584 66  
1585 58  
1586 89  
1587 76  
1588 56  
1589 96  
1590 54  
1591 93  
1592 55  
1593 95  
1594 90  
1595 62  
1596 57  
1597 57  
1598 100 
1599 95  
1600 88  
1601 65  
1602 58  
1603 50  
1604 96  
1605 56  
1606 52  
1607 86  
1608 98  
1609 50  
1610 98  
1611 80  
1612 71  
1613 66  
1614 62  
1615 57  
1616 91  
1617 76  
1618 100 
1619 75  
1620 72  
1621 76  
1622 76  
1623 61  
1624 57  
1625 50  
1626 57  
1627 50  
1628 58  
1629 72  
1630 85  
1631 92  
1632 99  
1633 81  
1634 94  
1635 78  
1636 80  
1637 95  
1638 68  
1639 56  
1640 69  
1641 90  
1642 94  
1643 65  
1644 86  
1645 88  
1646 51  
1647 66  
1648 68  
1649 96  
1650 82  
1651 58  
1652 85  
1653 79  
1654 60  
1655 90  
1656 100 
1657 73  
1658 78  
1659 50  
1660 97  
1661 64  
1662 87  
1663 57  
1664 60  
1665 90  
1666 84  
1667 71  
1668 93  
1669 54  
1670 96  
1671 94  
1672 79  
1673 56  
1674 67  
1675 83  
1676 87  
1677 91  
1678 64  
1679 74  
1680 79  
1681 52  
1682 92  
1683 79  
1684 85  
1685 50  
1686 61  
1687 99  
1688 66  
1689 56  
1690 83  
1691 96  
1692 90  
1693 73  
1694 90  
1695 87  
1696 69  
1697 85  
1698 73  
1699 69  
1700 97  
1701 84  
1702 57  
1703 67  
1704 84  
1705 56  
1706 95  
1707 93  
1708 99  
1709 86  
1710 82  
1711 59  
1712 98  
1713 74  
1714 50  
1715 95  
1716 59  
1717 93  
1718 57  
1719 88  
1720 97  
1721 96  
1722 81  
1723 87  
1724 93  
1725 53  
1726 83  
1727 52  
1728 72  
1729 79  
1730 56  
1731 93  
1732 97  
1733 95  
1734 58  
1735 72  
1736 98  
1737 81  
1738 54  
1739 96  
1740 98  
1741 70  
1742 89  
1743 74  
1744 93  
1745 77  
1746 87  
1747 77  
1748 55  
1749 91  
1750 87  
1751 95  
1752 84  
1753 53  
1754 62  
1755 86  
1756 90  
1757 82  
1758 85  
1759 52  
1760 57  
1761 82  
1762 77  
1763 56  
1764 79  
1765 81  
1766 95  
1767 63  
1768 72  
1769 82  
1770 57  
1771 67  
1772 75  
1773 86  
1774 72  
1775 66  
1776 65  
1777 54  
1778 56  
1779 56  
1780 84  
1781 100 
1782 82  
1783 100 
1784 89  
1785 95  
1786 55  
1787 76  
1788 55  
1789 74  
1790 78  
1791 87  
1792 58  
1793 63  
1794 87  
1795 63  
1796 60  
1797 91  
1798 62  
1799 84  
1800 88  
1801 97  
1802 83  
1803 90  
1804 59  
1805 84  
1806 95  
1807 68  
1808 70  
1809 96  
1810 65  
1811 52  
1812 66  
1813 90  
1814 91  
1815 74  
1816 80  
1817 58  
1818 72  
1819 59  
1820 77  
1821 67  
1822 85  
1823 66  
1824 71  
1825 80  
1826 54  
1827 74  
1828 58  
1829 97  
1830 69  
1831 66  
1832 60  
1833 88  
1834 61  
1835 62  
1836 95  
1837 55  
1838 50  
1839 88  
1840 96  
1841 68  
1842 99  
1843 100 
1844 80  
1845 74  
1846 89  
1847 66  
1848 96  
1849 76  
1850 63  
1851 68  
1852 84  
1853 66  
1854 72  
1855 90  
1856 94  
1857 69  
1858 85  
1859 75  
1860 94  
1861 59  
1862 77  
1863 95  
1864 65  
1865 60  
1866 68  
1867 62  
1868 95  
1869 50  
1870 63  
1871 96  
1872 83  
1873 87  
1874 99  
1875 88  
1876 70  
1877 94  
1878 84  
1879 97  
1880 50  
1881 72  
1882 62  
1883 53  
1884 54  
1885 98  
1886 75  
1887 93  
1888 75  
1889 76  
1890 67  
1891 64  
1892 97  
1893 70  
1894 93  
1895 57  
1896 58  
1897 93  
1898 99  
1899 97  
1900 70  
1901 76  
1902 78  
1903 81  
1904 50  
1905 71  
1906 58  
1907 74  
1908 68  
1909 82  
1910 50  
1911 91  
1912 53  
1913 78  
1914 81  
1915 57  
1916 73  
1917 63  
1918 87  
1919 59  
1920 96  
1921 58  
1922 64  
1923 67  
1924 97  
1925 59  
1926 55  
1927 73  
1928 96  
1929 83  
1930 86  
1931 57  
1932 79  
1933 90  
1934 96  
1935 67  
1936 73  
1937 95  
1938 79  
1939 59  
1940 93  
1941 69  
1942 63  
1943 100 
1944 61  
1945 65  
1946 94  
1947 56  
1948 69  
1949 56  
1950 68  
1951 73  
1952 61  
1953 88  
1954 67  
1955 62  
1956 91  
1957 67  
1958 75  
1959 86  
1960 75  
1961 74  
1962 88  
1963 61  
1964 96  
1965 59  
1966 58  
1967 63  
1968 72  
1969 92  
1970 56  
1971 82  
1972 91  
1973 93  
1974 69  
1975 96  
1976 86  
1977 90  
1978 51  
1979 82  
1980 82  
1981 79  
1982 66  
1983 66  
1984 89  
1985 82  
1986 70  
1987 57  
1988 74  
1989 95  
1990 52  
1991 63  
1992 73  
1993 76  
1994 84  
1995 57  
1996 70  
1997 81  
1998 54  
1999 55  
2000 72  
2001 72  
2002 94  
2003 76  
2004 100 
2005 95  
2006 98  
2007 60  
2008 54  
2009 69  
2010 94  
2011 64  
2012 97  
2013 97  
2014 95  
2015 72  
2016 59  
2017 80  
2018 75  
2019 58  
2020 56  
2021 100 
2022 98  
2023 69  
2024 51  
2025 81  
2026 57  
2027 50  
2028 97  
DEPOT_SECTION
1
-1
EOF
