NAME : X-n1048-k237
COMMENT : "Official XL instance released for the CVRPLib Best Known Solution Challenge"
TYPE : CVRP
DIMENSION : 1048
EDGE_WEIGHT_TYPE : EUC_2D
CAPACITY : 128
NODE_COORD_SECTION
1    0    0   
2    776  985 
3    103  854 
4    965  613 
5    804  983 
6    290  21  
7    911  31  
8    791  809 
9    822  996 
10   835  701 
11   195  181 
12   910  477 
13   653  449 
14   715  330 
15   12   956 
16   776  173 
17   29   221 
18   905  116 
19   335  889 
20   433  74  
21   275  647 
22   601  408 
23   120  302 
24   40   531 
25   673  83  
26   791  576 
27   571  62  
28   822  75  
29   218  176 
30   240  562 
31   908  94  
32   28   229 
33   704  815 
34   422  934 
35   703  563 
36   318  535 
37   331  407 
38   982  777 
39   993  860 
40   885  422 
41   136  500 
42   97   831 
43   758  52  
44   630  407 
45   521  97  
46   371  701 
47   254  3   
48   348  535 
49   679  621 
50   173  549 
51   578  554 
52   393  170 
53   909  655 
54   100  652 
55   702  805 
56   150  43  
57   371  554 
58   503  856 
59   319  383 
60   446  500 
61   787  776 
62   848  710 
63   52   151 
64   378  347 
65   107  261 
66   81   266 
67   228  946 
68   201  328 
69   972  716 
70   807  856 
71   163  363 
72   492  895 
73   383  834 
74   506  586 
75   703  675 
76   360  878 
77   487  341 
78   550  574 
79   91   27  
80   354  415 
81   512  878 
82   344  69  
83   920  643 
84   910  294 
85   303  88  
86   269  49  
87   854  105 
88   766  667 
89   467  45  
90   571  223 
91   396  471 
92   427  589 
93   165  589 
94   690  645 
95   37   63  
96   480  794 
97   701  691 
98   128  691 
99   199  568 
100  628  606 
101  526  461 
102  892  232 
103  776  556 
104  692  5   
105  868  87  
106  64   906 
107  566  576 
108  626  384 
109  803  433 
110  493  746 
111  337  368 
112  889  101 
113  809  519 
114  97   387 
115  799  64  
116  782  627 
117  510  745 
118  612  996 
119  325  749 
120  623  316 
121  841  368 
122  391  5   
123  585  734 
124  395  210 
125  681  985 
126  91   129 
127  305  615 
128  893  425 
129  244  831 
130  589  851 
131  811  3   
132  348  515 
133  102  515 
134  570  200 
135  764  378 
136  232  561 
137  390  913 
138  748  28  
139  833  955 
140  391  196 
141  205  674 
142  315  494 
143  682  717 
144  936  725 
145  146  972 
146  245  557 
147  412  130 
148  583  485 
149  489  446 
150  860  19  
151  907  184 
152  408  630 
153  731  336 
154  104  666 
155  280  14  
156  291  792 
157  241  744 
158  798  858 
159  389  426 
160  486  8   
161  995  736 
162  505  485 
163  490  371 
164  307  498 
165  527  138 
166  456  116 
167  974  545 
168  550  887 
169  744  880 
170  62   659 
171  282  726 
172  155  973 
173  590  287 
174  317  509 
175  968  769 
176  442  450 
177  587  122 
178  199  880 
179  928  970 
180  168  273 
181  141  228 
182  835  89  
183  130  252 
184  21   898 
185  411  728 
186  847  383 
187  34   384 
188  598  882 
189  342  838 
190  907  285 
191  914  970 
192  400  880 
193  616  865 
194  777  917 
195  644  196 
196  699  635 
197  396  339 
198  708  343 
199  967  229 
200  357  346 
201  536  394 
202  376  294 
203  130  463 
204  512  355 
205  935  552 
206  408  606 
207  103  373 
208  629  634 
209  48   431 
210  546  265 
211  313  63  
212  146  719 
213  887  40  
214  957  629 
215  164  730 
216  108  900 
217  988  462 
218  330  128 
219  68   980 
220  781  906 
221  492  648 
222  58   326 
223  707  844 
224  957  595 
225  115  167 
226  294  634 
227  14   338 
228  14   903 
229  209  289 
230  252  8   
231  573  311 
232  528  565 
233  844  606 
234  519  56  
235  887  238 
236  605  891 
237  78   72  
238  40   239 
239  512  737 
240  443  128 
241  634  246 
242  445  722 
243  199  938 
244  34   242 
245  373  230 
246  900  18  
247  551  70  
248  284  892 
249  8    234 
250  395  708 
251  545  965 
252  872  712 
253  315  926 
254  589  787 
255  829  398 
256  888  747 
257  77   725 
258  16   185 
259  384  924 
260  74   831 
261  960  608 
262  277  480 
263  917  795 
264  550  535 
265  274  706 
266  649  438 
267  49   360 
268  961  175 
269  660  701 
270  273  586 
271  782  378 
272  378  971 
273  172  643 
274  673  892 
275  142  255 
276  119  644 
277  832  291 
278  584  292 
279  759  152 
280  218  460 
281  988  994 
282  953  432 
283  545  214 
284  787  854 
285  631  820 
286  55   435 
287  836  433 
288  60   936 
289  536  897 
290  528  0   
291  518  23  
292  514  953 
293  943  644 
294  927  840 
295  820  463 
296  154  501 
297  267  913 
298  349  264 
299  215  618 
300  88   828 
301  676  524 
302  403  360 
303  17   127 
304  220  286 
305  0    42  
306  716  491 
307  640  649 
308  238  495 
309  759  600 
310  813  469 
311  252  306 
312  598  889 
313  432  872 
314  798  288 
315  871  858 
316  891  565 
317  267  639 
318  920  293 
319  541  427 
320  317  149 
321  480  913 
322  606  817 
323  57   379 
324  607  259 
325  964  809 
326  421  188 
327  369  891 
328  180  912 
329  989  421 
330  209  207 
331  418  167 
332  722  711 
333  651  313 
334  209  463 
335  786  57  
336  423  442 
337  760  328 
338  20   17  
339  911  213 
340  75   636 
341  214  896 
342  841  42  
343  970  103 
344  738  301 
345  492  100 
346  333  18  
347  52   91  
348  271  530 
349  74   183 
350  828  12  
351  576  993 
352  417  888 
353  724  320 
354  990  264 
355  259  542 
356  159  527 
357  171  856 
358  399  934 
359  349  279 
360  875  660 
361  698  6   
362  958  5   
363  248  780 
364  4    190 
365  401  613 
366  317  604 
367  779  599 
368  662  987 
369  113  574 
370  723  219 
371  186  535 
372  54   722 
373  784  957 
374  216  34  
375  986  17  
376  316  480 
377  173  862 
378  454  44  
379  763  2   
380  786  190 
381  676  545 
382  1    705 
383  118  693 
384  458  834 
385  783  684 
386  294  420 
387  53   468 
388  367  559 
389  685  226 
390  253  477 
391  149  458 
392  433  158 
393  478  149 
394  598  180 
395  501  478 
396  145  665 
397  314  880 
398  102  911 
399  360  151 
400  346  658 
401  4    20  
402  370  985 
403  260  858 
404  164  325 
405  838  671 
406  788  829 
407  421  272 
408  690  178 
409  851  458 
410  564  806 
411  819  954 
412  634  847 
413  771  514 
414  996  772 
415  545  844 
416  399  724 
417  945  798 
418  608  618 
419  723  685 
420  380  655 
421  902  30  
422  507  164 
423  81   281 
424  993  288 
425  8    538 
426  989  720 
427  106  514 
428  701  183 
429  313  835 
430  50   99  
431  161  442 
432  233  210 
433  971  543 
434  638  745 
435  593  615 
436  578  459 
437  135  551 
438  208  508 
439  714  815 
440  55   963 
441  746  116 
442  216  422 
443  680  273 
444  176  147 
445  501  871 
446  487  445 
447  983  295 
448  325  872 
449  235  645 
450  232  963 
451  842  849 
452  883  797 
453  294  508 
454  566  368 
455  555  453 
456  833  485 
457  37   704 
458  13   553 
459  952  833 
460  330  139 
461  692  433 
462  917  845 
463  392  654 
464  899  633 
465  18   396 
466  424  663 
467  456  352 
468  377  204 
469  938  783 
470  883  847 
471  415  999 
472  244  72  
473  777  486 
474  396  449 
475  784  703 
476  99   335 
477  991  836 
478  26   253 
479  747  361 
480  609  676 
481  536  218 
482  539  624 
483  675  31  
484  474  23  
485  857  897 
486  712  455 
487  599  961 
488  693  849 
489  84   224 
490  937  422 
491  550  977 
492  350  454 
493  8    953 
494  755  255 
495  887  741 
496  140  256 
497  468  149 
498  325  327 
499  109  26  
500  174  717 
501  573  481 
502  867  329 
503  798  414 
504  251  770 
505  49   942 
506  255  842 
507  642  186 
508  303  588 
509  117  601 
510  681  576 
511  567  874 
512  914  728 
513  597  450 
514  802  820 
515  356  654 
516  883  312 
517  529  501 
518  875  513 
519  972  382 
520  838  557 
521  756  249 
522  572  551 
523  338  606 
524  471  493 
525  514  740 
526  443  182 
527  539  925 
528  816  926 
529  982  119 
530  74   420 
531  30   308 
532  106  397 
533  201  521 
534  386  426 
535  270  667 
536  11   311 
537  58   829 
538  798  517 
539  533  609 
540  200  817 
541  312  278 
542  159  766 
543  921  931 
544  355  138 
545  822  438 
546  652  789 
547  31   139 
548  835  409 
549  999  256 
550  970  657 
551  304  425 
552  544  152 
553  507  947 
554  953  812 
555  217  570 
556  8    211 
557  439  21  
558  307  246 
559  683  591 
560  252  423 
561  234  726 
562  663  390 
563  495  378 
564  595  245 
565  626  77  
566  871  405 
567  340  291 
568  111  139 
569  310  940 
570  88   539 
571  678  42  
572  868  974 
573  883  459 
574  559  636 
575  180  327 
576  611  225 
577  816  441 
578  270  610 
579  342  575 
580  800  604 
581  189  299 
582  482  614 
583  554  427 
584  950  173 
585  129  560 
586  619  74  
587  315  813 
588  109  625 
589  510  209 
590  610  678 
591  711  976 
592  940  381 
593  852  609 
594  704  509 
595  374  321 
596  708  874 
597  248  32  
598  933  426 
599  150  376 
600  133  208 
601  928  230 
602  574  366 
603  23   386 
604  877  59  
605  883  24  
606  225  710 
607  442  836 
608  906  97  
609  240  718 
610  687  846 
611  195  561 
612  130  795 
613  822  320 
614  735  618 
615  115  885 
616  672  118 
617  691  402 
618  742  306 
619  795  878 
620  220  976 
621  186  55  
622  867  74  
623  980  532 
624  640  762 
625  620  531 
626  627  135 
627  592  463 
628  567  997 
629  987  708 
630  39   10  
631  509  175 
632  501  526 
633  888  741 
634  214  823 
635  974  197 
636  833  972 
637  252  194 
638  585  40  
639  956  592 
640  840  906 
641  267  214 
642  551  638 
643  761  974 
644  605  560 
645  775  936 
646  901  539 
647  685  297 
648  120  949 
649  511  129 
650  373  750 
651  444  700 
652  445  925 
653  307  327 
654  961  571 
655  243  731 
656  858  450 
657  72   798 
658  584  104 
659  104  39  
660  830  670 
661  30   900 
662  493  863 
663  397  699 
664  960  604 
665  538  198 
666  502  983 
667  617  308 
668  395  389 
669  760  337 
670  678  545 
671  526  542 
672  95   400 
673  907  918 
674  305  170 
675  280  696 
676  58   298 
677  982  32  
678  108  808 
679  383  284 
680  25   541 
681  361  595 
682  657  19  
683  670  175 
684  311  511 
685  626  665 
686  955  888 
687  40   982 
688  715  668 
689  570  700 
690  688  662 
691  590  442 
692  741  303 
693  35   60  
694  683  155 
695  914  142 
696  687  563 
697  726  814 
698  804  641 
699  591  349 
700  931  465 
701  605  113 
702  484  986 
703  826  947 
704  129  539 
705  251  684 
706  758  357 
707  248  750 
708  984  593 
709  170  937 
710  21   368 
711  298  352 
712  721  752 
713  449  853 
714  522  60  
715  886  532 
716  764  255 
717  473  403 
718  788  282 
719  215  435 
720  561  426 
721  634  736 
722  357  839 
723  405  862 
724  103  317 
725  84   169 
726  123  262 
727  168  231 
728  79   612 
729  785  461 
730  984  448 
731  154  6   
732  121  201 
733  794  665 
734  941  390 
735  522  197 
736  488  951 
737  74   241 
738  345  575 
739  928  217 
740  747  383 
741  437  642 
742  495  449 
743  855  853 
744  160  325 
745  310  605 
746  335  964 
747  963  508 
748  322  474 
749  753  174 
750  382  440 
751  339  213 
752  160  705 
753  585  513 
754  781  622 
755  356  785 
756  525  90  
757  836  206 
758  745  988 
759  386  906 
760  149  414 
761  883  687 
762  201  747 
763  429  872 
764  35   528 
765  308  302 
766  341  601 
767  868  604 
768  894  303 
769  390  669 
770  820  963 
771  245  809 
772  861  799 
773  151  919 
774  368  471 
775  542  572 
776  925  458 
777  784  821 
778  851  643 
779  20   104 
780  913  538 
781  923  802 
782  548  276 
783  84   817 
784  396  994 
785  245  20  
786  666  342 
787  613  458 
788  148  915 
789  949  352 
790  923  979 
791  159  849 
792  395  576 
793  505  589 
794  382  285 
795  252  64  
796  387  560 
797  265  970 
798  18   172 
799  135  68  
800  564  550 
801  168  653 
802  315  750 
803  114  130 
804  816  606 
805  908  662 
806  43   704 
807  979  239 
808  988  783 
809  804  908 
810  68   3   
811  86   492 
812  317  847 
813  45   458 
814  960  119 
815  233  231 
816  167  148 
817  714  744 
818  247  741 
819  642  243 
820  359  3   
821  551  251 
822  438  496 
823  330  339 
824  536  316 
825  904  542 
826  361  752 
827  176  250 
828  97   135 
829  896  670 
830  490  29  
831  549  541 
832  286  344 
833  523  368 
834  974  444 
835  61   732 
836  880  216 
837  886  269 
838  689  605 
839  654  537 
840  342  239 
841  138  716 
842  267  541 
843  580  919 
844  672  922 
845  310  428 
846  811  216 
847  353  413 
848  677  87  
849  766  504 
850  48   71  
851  479  225 
852  515  322 
853  440  815 
854  861  232 
855  614  965 
856  853  66  
857  402  465 
858  347  947 
859  433  194 
860  121  333 
861  81   120 
862  402  937 
863  562  742 
864  222  964 
865  588  664 
866  990  646 
867  797  817 
868  415  71  
869  412  560 
870  269  548 
871  594  910 
872  579  596 
873  873  425 
874  358  158 
875  970  111 
876  471  832 
877  196  802 
878  305  399 
879  480  953 
880  943  344 
881  193  441 
882  223  649 
883  481  336 
884  744  416 
885  899  926 
886  687  732 
887  440  760 
888  427  795 
889  181  880 
890  733  313 
891  271  984 
892  580  212 
893  397  522 
894  146  833 
895  661  409 
896  642  479 
897  503  357 
898  843  228 
899  567  970 
900  631  970 
901  118  748 
902  926  969 
903  847  768 
904  521  393 
905  265  279 
906  841  746 
907  812  892 
908  737  595 
909  43   501 
910  51   726 
911  163  637 
912  449  502 
913  43   815 
914  458  552 
915  719  305 
916  210  247 
917  423  355 
918  53   471 
919  968  876 
920  914  15  
921  290  811 
922  306  859 
923  319  742 
924  830  511 
925  549  53  
926  675  838 
927  258  24  
928  906  471 
929  16   14  
930  341  615 
931  173  490 
932  995  46  
933  546  250 
934  632  526 
935  933  9   
936  694  535 
937  168  567 
938  647  417 
939  626  165 
940  646  394 
941  266  196 
942  375  439 
943  205  763 
944  241  200 
945  671  91  
946  389  902 
947  251  977 
948  878  911 
949  334  544 
950  491  856 
951  708  820 
952  858  787 
953  442  364 
954  780  840 
955  121  906 
956  288  224 
957  157  370 
958  748  750 
959  191  356 
960  655  544 
961  169  616 
962  769  571 
963  685  69  
964  148  107 
965  581  313 
966  898  749 
967  570  171 
968  432  762 
969  630  243 
970  134  524 
971  567  845 
972  267  83  
973  563  497 
974  801  85  
975  119  202 
976  681  41  
977  296  500 
978  9    765 
979  824  952 
980  118  295 
981  38   507 
982  36   194 
983  487  404 
984  989  657 
985  986  726 
986  152  990 
987  3    277 
988  874  976 
989  980  543 
990  808  629 
991  976  450 
992  263  210 
993  795  77  
994  273  117 
995  459  538 
996  508  356 
997  771  540 
998  553  420 
999  125  259 
1000 879  37  
1001 850  442 
1002 848  327 
1003 233  7   
1004 755  370 
1005 36   52  
1006 32   271 
1007 321  631 
1008 8    752 
1009 797  842 
1010 933  344 
1011 926  696 
1012 285  542 
1013 998  258 
1014 871  208 
1015 992  330 
1016 200  295 
1017 415  595 
1018 606  262 
1019 277  787 
1020 93   28  
1021 598  866 
1022 177  585 
1023 508  779 
1024 484  394 
1025 56   870 
1026 655  510 
1027 581  475 
1028 103  103 
1029 464  796 
1030 322  352 
1031 852  453 
1032 278  865 
1033 773  723 
1034 860  133 
1035 253  552 
1036 639  242 
1037 134  716 
1038 379  562 
1039 73   867 
1040 776  842 
1041 960  139 
1042 652  644 
1043 126  909 
1044 190  510 
1045 316  903 
1046 454  878 
1047 172  790 
1048 894  141 
DEMAND_SECTION
1    0   
2    82  
3    96  
4    10  
5    80  
6    85  
7    69  
8    56  
9    69  
10   9   
11   1   
12   10  
13   57  
14   10  
15   98  
16   9   
17   5   
18   4   
19   7   
20   78  
21   10  
22   8   
23   77  
24   5   
25   8   
26   10  
27   5   
28   8   
29   3   
30   6   
31   7   
32   91  
33   84  
34   6   
35   3   
36   2   
37   4   
38   56  
39   93  
40   65  
41   1   
42   63  
43   52  
44   72  
45   4   
46   1   
47   5   
48   3   
49   1   
50   2   
51   65  
52   7   
53   4   
54   57  
55   10  
56   8   
57   7   
58   93  
59   3   
60   8   
61   95  
62   70  
63   10  
64   3   
65   10  
66   70  
67   70  
68   7   
69   75  
70   92  
71   9   
72   92  
73   90  
74   9   
75   5   
76   7   
77   4   
78   2   
79   2   
80   4   
81   10  
82   10  
83   1   
84   4   
85   1   
86   61  
87   1   
88   5   
89   94  
90   97  
91   3   
92   4   
93   1   
94   5   
95   50  
96   3   
97   3   
98   9   
99   51  
100  7   
101  8   
102  54  
103  10  
104  7   
105  100 
106  4   
107  6   
108  2   
109  2   
110  5   
111  5   
112  8   
113  96  
114  3   
115  3   
116  4   
117  89  
118  78  
119  5   
120  5   
121  5   
122  1   
123  9   
124  10  
125  8   
126  7   
127  83  
128  4   
129  77  
130  6   
131  6   
132  9   
133  4   
134  5   
135  10  
136  85  
137  58  
138  2   
139  6   
140  52  
141  10  
142  8   
143  7   
144  64  
145  2   
146  2   
147  56  
148  4   
149  7   
150  1   
151  7   
152  7   
153  5   
154  4   
155  62  
156  1   
157  5   
158  6   
159  1   
160  3   
161  10  
162  1   
163  88  
164  7   
165  10  
166  9   
167  6   
168  3   
169  77  
170  9   
171  5   
172  10  
173  10  
174  7   
175  66  
176  73  
177  3   
178  6   
179  4   
180  4   
181  73  
182  92  
183  92  
184  4   
185  1   
186  9   
187  53  
188  1   
189  58  
190  3   
191  6   
192  99  
193  56  
194  65  
195  99  
196  5   
197  10  
198  5   
199  2   
200  5   
201  2   
202  3   
203  4   
204  4   
205  85  
206  1   
207  10  
208  9   
209  10  
210  1   
211  10  
212  1   
213  7   
214  2   
215  5   
216  74  
217  80  
218  3   
219  3   
220  9   
221  6   
222  3   
223  77  
224  69  
225  2   
226  2   
227  6   
228  10  
229  4   
230  8   
231  10  
232  57  
233  51  
234  5   
235  9   
236  56  
237  91  
238  1   
239  4   
240  5   
241  58  
242  64  
243  3   
244  5   
245  3   
246  7   
247  7   
248  94  
249  9   
250  1   
251  4   
252  5   
253  2   
254  77  
255  9   
256  2   
257  96  
258  3   
259  79  
260  64  
261  6   
262  3   
263  7   
264  2   
265  3   
266  61  
267  95  
268  2   
269  3   
270  5   
271  3   
272  2   
273  3   
274  5   
275  67  
276  8   
277  7   
278  10  
279  5   
280  84  
281  63  
282  1   
283  3   
284  74  
285  8   
286  2   
287  90  
288  1   
289  4   
290  51  
291  5   
292  1   
293  7   
294  2   
295  1   
296  7   
297  59  
298  73  
299  6   
300  7   
301  10  
302  6   
303  3   
304  82  
305  64  
306  3   
307  7   
308  3   
309  6   
310  52  
311  9   
312  2   
313  2   
314  9   
315  54  
316  4   
317  6   
318  9   
319  86  
320  55  
321  5   
322  1   
323  3   
324  69  
325  3   
326  7   
327  4   
328  94  
329  77  
330  96  
331  10  
332  91  
333  1   
334  2   
335  10  
336  74  
337  10  
338  4   
339  8   
340  1   
341  9   
342  5   
343  5   
344  54  
345  51  
346  1   
347  1   
348  89  
349  2   
350  87  
351  3   
352  2   
353  7   
354  3   
355  7   
356  100 
357  10  
358  7   
359  10  
360  3   
361  91  
362  6   
363  1   
364  6   
365  8   
366  4   
367  87  
368  6   
369  2   
370  65  
371  1   
372  10  
373  91  
374  6   
375  78  
376  10  
377  5   
378  7   
379  9   
380  3   
381  5   
382  3   
383  1   
384  76  
385  4   
386  10  
387  77  
388  8   
389  6   
390  9   
391  10  
392  10  
393  10  
394  7   
395  1   
396  8   
397  96  
398  9   
399  51  
400  4   
401  2   
402  99  
403  9   
404  9   
405  2   
406  4   
407  6   
408  74  
409  1   
410  7   
411  2   
412  3   
413  4   
414  3   
415  93  
416  58  
417  3   
418  9   
419  7   
420  3   
421  2   
422  90  
423  1   
424  83  
425  9   
426  1   
427  8   
428  9   
429  92  
430  2   
431  53  
432  3   
433  1   
434  58  
435  65  
436  3   
437  68  
438  8   
439  2   
440  6   
441  57  
442  1   
443  4   
444  5   
445  82  
446  8   
447  10  
448  50  
449  53  
450  6   
451  4   
452  8   
453  53  
454  4   
455  1   
456  51  
457  10  
458  9   
459  3   
460  3   
461  9   
462  61  
463  3   
464  7   
465  7   
466  10  
467  52  
468  3   
469  2   
470  6   
471  1   
472  74  
473  2   
474  3   
475  51  
476  9   
477  94  
478  1   
479  98  
480  76  
481  58  
482  1   
483  85  
484  58  
485  5   
486  72  
487  5   
488  7   
489  9   
490  9   
491  9   
492  10  
493  59  
494  10  
495  58  
496  6   
497  3   
498  87  
499  73  
500  98  
501  1   
502  50  
503  7   
504  51  
505  1   
506  87  
507  2   
508  2   
509  1   
510  81  
511  1   
512  8   
513  52  
514  1   
515  4   
516  4   
517  67  
518  78  
519  7   
520  9   
521  10  
522  85  
523  10  
524  4   
525  99  
526  55  
527  9   
528  2   
529  70  
530  1   
531  79  
532  1   
533  51  
534  10  
535  9   
536  10  
537  62  
538  67  
539  5   
540  97  
541  8   
542  1   
543  1   
544  7   
545  2   
546  4   
547  3   
548  6   
549  5   
550  6   
551  3   
552  51  
553  80  
554  9   
555  2   
556  8   
557  92  
558  51  
559  4   
560  9   
561  8   
562  4   
563  6   
564  7   
565  59  
566  10  
567  4   
568  93  
569  9   
570  9   
571  9   
572  5   
573  6   
574  53  
575  10  
576  9   
577  3   
578  7   
579  61  
580  2   
581  88  
582  81  
583  7   
584  74  
585  6   
586  7   
587  6   
588  7   
589  5   
590  10  
591  60  
592  7   
593  10  
594  8   
595  9   
596  76  
597  2   
598  7   
599  2   
600  10  
601  4   
602  3   
603  6   
604  3   
605  6   
606  4   
607  83  
608  8   
609  1   
610  55  
611  1   
612  10  
613  4   
614  89  
615  78  
616  96  
617  3   
618  2   
619  86  
620  2   
621  9   
622  9   
623  2   
624  1   
625  2   
626  6   
627  1   
628  8   
629  9   
630  1   
631  55  
632  3   
633  53  
634  4   
635  8   
636  2   
637  10  
638  5   
639  92  
640  92  
641  56  
642  3   
643  2   
644  2   
645  3   
646  72  
647  6   
648  57  
649  59  
650  64  
651  53  
652  4   
653  4   
654  1   
655  5   
656  52  
657  7   
658  10  
659  50  
660  7   
661  6   
662  7   
663  84  
664  83  
665  62  
666  88  
667  5   
668  9   
669  98  
670  10  
671  3   
672  89  
673  59  
674  73  
675  95  
676  3   
677  9   
678  8   
679  61  
680  85  
681  10  
682  10  
683  8   
684  10  
685  60  
686  51  
687  8   
688  89  
689  82  
690  84  
691  65  
692  90  
693  82  
694  85  
695  7   
696  3   
697  6   
698  2   
699  4   
700  2   
701  10  
702  8   
703  83  
704  3   
705  74  
706  4   
707  53  
708  54  
709  6   
710  10  
711  63  
712  60  
713  85  
714  50  
715  7   
716  1   
717  9   
718  56  
719  5   
720  7   
721  2   
722  5   
723  10  
724  10  
725  93  
726  77  
727  59  
728  56  
729  7   
730  64  
731  2   
732  56  
733  96  
734  10  
735  3   
736  5   
737  5   
738  1   
739  1   
740  4   
741  1   
742  58  
743  6   
744  8   
745  4   
746  1   
747  8   
748  3   
749  9   
750  5   
751  9   
752  94  
753  63  
754  3   
755  10  
756  98  
757  1   
758  99  
759  73  
760  8   
761  4   
762  84  
763  3   
764  3   
765  9   
766  70  
767  6   
768  65  
769  59  
770  3   
771  96  
772  68  
773  2   
774  8   
775  2   
776  5   
777  68  
778  1   
779  1   
780  64  
781  81  
782  61  
783  9   
784  9   
785  3   
786  8   
787  7   
788  5   
789  69  
790  8   
791  10  
792  7   
793  5   
794  7   
795  74  
796  1   
797  80  
798  4   
799  77  
800  9   
801  8   
802  9   
803  3   
804  3   
805  100 
806  8   
807  1   
808  6   
809  6   
810  1   
811  3   
812  8   
813  8   
814  74  
815  5   
816  76  
817  84  
818  3   
819  90  
820  71  
821  3   
822  77  
823  57  
824  75  
825  3   
826  9   
827  5   
828  8   
829  6   
830  78  
831  9   
832  10  
833  4   
834  4   
835  3   
836  92  
837  3   
838  10  
839  3   
840  81  
841  4   
842  1   
843  7   
844  2   
845  3   
846  95  
847  5   
848  2   
849  9   
850  10  
851  1   
852  55  
853  50  
854  1   
855  53  
856  9   
857  8   
858  4   
859  5   
860  1   
861  8   
862  1   
863  92  
864  7   
865  73  
866  71  
867  74  
868  81  
869  2   
870  97  
871  58  
872  85  
873  10  
874  4   
875  9   
876  7   
877  67  
878  3   
879  2   
880  9   
881  8   
882  67  
883  2   
884  4   
885  1   
886  4   
887  91  
888  6   
889  62  
890  5   
891  70  
892  9   
893  82  
894  3   
895  58  
896  10  
897  7   
898  2   
899  10  
900  2   
901  10  
902  4   
903  6   
904  1   
905  7   
906  6   
907  8   
908  5   
909  9   
910  6   
911  8   
912  90  
913  7   
914  63  
915  9   
916  9   
917  3   
918  76  
919  54  
920  4   
921  8   
922  6   
923  8   
924  85  
925  83  
926  5   
927  1   
928  1   
929  84  
930  1   
931  4   
932  4   
933  81  
934  8   
935  3   
936  9   
937  78  
938  10  
939  3   
940  58  
941  8   
942  8   
943  3   
944  77  
945  79  
946  83  
947  10  
948  70  
949  10  
950  9   
951  7   
952  6   
953  8   
954  1   
955  10  
956  82  
957  8   
958  1   
959  89  
960  95  
961  73  
962  4   
963  82  
964  94  
965  9   
966  6   
967  9   
968  100 
969  70  
970  10  
971  8   
972  57  
973  85  
974  56  
975  51  
976  6   
977  97  
978  4   
979  9   
980  97  
981  10  
982  82  
983  1   
984  90  
985  10  
986  7   
987  79  
988  9   
989  5   
990  1   
991  1   
992  10  
993  77  
994  84  
995  2   
996  3   
997  95  
998  99  
999  57  
1000 3   
1001 5   
1002 8   
1003 7   
1004 54  
1005 60  
1006 4   
1007 81  
1008 1   
1009 8   
1010 5   
1011 4   
1012 54  
1013 4   
1014 78  
1015 6   
1016 51  
1017 74  
1018 8   
1019 79  
1020 90  
1021 7   
1022 8   
1023 73  
1024 58  
1025 3   
1026 3   
1027 2   
1028 51  
1029 6   
1030 5   
1031 67  
1032 10  
1033 2   
1034 9   
1035 4   
1036 86  
1037 4   
1038 7   
1039 10  
1040 10  
1041 95  
1042 89  
1043 3   
1044 6   
1045 58  
1046 3   
1047 8   
1048 8   
DEPOT_SECTION
1
-1
EOF
